version https://git-lfs.github.com/spec/v1
oid sha256:cf22555fd7582e3cf75a113b0805673e55c1fe7f28a1fd2f8bc449a94d426942
size 200765
