version https://git-lfs.github.com/spec/v1
oid sha256:160a97ec6d5315e89ebb08cb55ac465961c3db70493b38d95da08253f9fa4191
size 205825
